#右滑----新版负一屏----点击一键加速----返回----点击一键省电-----返回----点击喜爱的联系人--返回----上滑----点击日历切换月多次----点击更多快捷开关---返回---点击手电两次---返回
home(2)
back(1)
rightslide(95,684,940,684,2)
rightslide(95,684,940,684,2)
click(280,520,10)
back(2)
click(790,550,10)
back(2)

click(376,1336,5)
back(2)
upslide(495,1000,495,150,3)
upslide(495,1000,495,150,3)
click(1000,910,3)
click(1000,910,3)
click(100,910,3)
click(100,910,3)
click(100,910,3)
click(980,800,3)

click(970,1700,3)
back(2)
click(587,1700,3)
click(587,1700,3)

downslide(495,150,495,1000,3)
downslide(495,150,495,1000,3)
click(970,1140,5)
back(2)
back(2)
home(2)
back(1)